,det,DF,Donor1_Serum,Donor2_Serum,Donor3_Serum,Donor4_Serum,Donor4_Plasma_EDTA,Donor5_Serum,Donor5_Plasma_Heparin,Donor6_Serum,Donor6_Plasma_Heparin,Donor6_Plasma_EDTA
SARS2_S2,IgA,100,1649,2226,1420,144,150,3240,3257,788.5,828.5,765
SARS2_S2,IgA,200,970.5,1455,879,90.5,95,1964.5,1983.5,451,452,430
SARS2_S2,IgA,400,542,904.5,506,60,59.5,1151.5,1094,255,247.5,251.5
SARS2_S2,IgA,800,302,506,284,44,44,668,608,145,142,152
SARS2_S2,IgA,1600,161,309,164,36,34,359,338,91,89.5,93
SARS2_S2,IgA,3200,98.5,167,95,30,31,195.5,184.5,57.5,56,56
SARS2_S2,IgA,6400,64,99,58.5,24.5,23,107,101.5,42,39.5,41
SARS2_S2,IgA,12800,45,65.5,43,23,26,68,67,35,36,31
SARS2_RBD,IgA,100,1430.5,2239,339,50.5,50,2625,2708,388.5,395.5,391.5
SARS2_RBD,IgA,200,808.5,1234.5,195,39.5,40,1973.5,2009.5,231,222,228
SARS2_RBD,IgA,400,435,631,108,36,32,1367,1363,129,131,125
SARS2_RBD,IgA,800,257,338,67,29,30,813,828,79,80,83
SARS2_RBD,IgA,1600,137,193,45,27,26,452.5,443.5,54,55.5,53.5
SARS2_RBD,IgA,3200,82,104,33,23.5,24.5,265,245,37,39.5,35
SARS2_RBD,IgA,6400,52.5,67,27,23,24,143,136,29,29,31
SARS2_RBD,IgA,12800,35,42,25,23,23,82.5,82,25,24,24
SARS2_S,IgA,100,1822.5,3152,549,777,759,5869,5791.5,611.5,582,575
SARS2_S,IgA,200,910.5,2007.5,335,388,373.5,4212,4125,324.5,307,309
SARS2_S,IgA,400,460,1159.5,198,197,194,2728.5,2707.5,169.5,173,159
SARS2_S,IgA,800,250,630,116,113.5,111,1594,1559.5,98,96,92
SARS2_S,IgA,1600,141.5,348,74,74.5,71,885,850,58,58,59
SARS2_S,IgA,3200,79,192,51,44,47,469,460,43,40,43.5
SARS2_S,IgA,6400,53,108,38.5,35,35,243,228,31,31,32
SARS2_S,IgA,12800,39.5,65.5,28,26,31.5,133,132,31,30,28
NL63_S1,IgA,100,156.5,211,210,291,452.5,832,918,971,1001,940
NL63_S1,IgA,200,144,171,161,230,273,730,734,643.5,636,626
NL63_S1,IgA,400,121,122,119,153,165.5,523.5,524,375,363.5,356.5
NL63_S1,IgA,800,92,87,84.5,103,104.5,327,319,219.5,209.5,209
NL63_S1,IgA,1600,66.5,70,68,81.5,81,197.5,200,139,134,135
NL63_S1,IgA,3200,60,58.5,59,63,62.5,122,114,91.5,93,91
NL63_S1,IgA,6400,56,54,57,55,54.5,89,87,69,72,71
NL63_S1,IgA,12800,55,54,52.5,51.5,52,68,70.5,57,63,61.5
OC43_S1,IgA,100,604,547,523,184,171.5,7985,7930,3252.5,3305,3149
OC43_S1,IgA,200,335,329,321,112.5,110.5,4971,4945,1876,1819,1818.5
OC43_S1,IgA,400,194,189,181,76,72,2943,2833,977,955.5,933
OC43_S1,IgA,800,111.5,113.5,106,53,51,1629.5,1582,536,535,514
OC43_S1,IgA,1600,71,72.5,72.5,43,44,875,846,283,298,279.5
OC43_S1,IgA,3200,47,47.5,51.5,34,32,488,444,161,162,158
OC43_S1,IgA,6400,42,42,39.5,30,30,248.5,258,95,94.5,96
OC43_S1,IgA,12800,35,30,33,32,30,150,138.5,58,63,60
229E_S1,IgA,100,8991,547,581,146,263,2585,2625,455.5,445,474
229E_S1,IgA,200,7843,453,434,120,152,2322,2293.5,273,266.5,272
229E_S1,IgA,400,5413,294,284.5,84.5,87.5,1629.5,1608,149,148,155.5
229E_S1,IgA,800,3360.5,171,172,55,54,957,930.5,93,89,84
229E_S1,IgA,1600,1719,99,94.5,41,39,532,513,54,58,56
229E_S1,IgA,3200,924.5,60,58,31,31,291,284,42,42,38
229E_S1,IgA,6400,484,44.5,42.5,26,25,158.5,157,35.5,31,31
229E_S1,IgA,12800,265.5,33,31,26,23,91.5,94,23,27,26
SARS2_S1,IgA,100,166.5,445,121.5,32,31.5,874,870.5,62,63,66.5
SARS2_S1,IgA,200,91.5,242,74.5,30,28,530,528,44,43,46
SARS2_S1,IgA,400,62,129.5,46,28,26,297,285.5,36,33,32
SARS2_S1,IgA,800,41,76,34,23,24,168,167,28,28,28
SARS2_S1,IgA,1600,31,51,28,23,21,98,99.5,25,28,23
SARS2_S1,IgA,3200,27,32.5,24.5,23,21.5,61,60,23,21,20
SARS2_S1,IgA,6400,21.5,28,22,21.5,20,37.5,40,20,24,22
SARS2_S1,IgA,12800,24,23,24,22,22,30,33,21,22,21
HKU1_S1,IgA,100,394,354,371.5,311.5,312,764,745,306.5,304,296
HKU1_S1,IgA,200,224.5,204.5,204,186,199,424,415,184,181,185.5
HKU1_S1,IgA,400,144,126,123,118,120,239,236,110,113,109
HKU1_S1,IgA,800,88,75,76.5,79,78,140,136,72,68,71
HKU1_S1,IgA,1600,51.5,57,51,57.5,56,85,87,51,51.5,50
HKU1_S1,IgA,3200,43,45,40.5,43,43,59,54,41,40,39
HKU1_S1,IgA,6400,36,31,35,34,36,44,41,33,34,34
HKU1_S1,IgA,12800,32,30,32,32,34,38,34,33,27,29
OC43_N,IgA,100,404,299,236.5,257,326,1140,1015.5,397,326,468
OC43_N,IgA,200,246.5,177,142,138.5,160.5,738,622,254,211,278
OC43_N,IgA,400,152.5,108,92,80,91,435,376,148,123,158
OC43_N,IgA,800,96.5,67,63,55,56,267,227,93,80,87.5
OC43_N,IgA,1600,61.5,48.5,47,43,44,169,141,61,52.5,60
OC43_N,IgA,3200,46,36,34,30,32,101,89,40,40,42
OC43_N,IgA,6400,34,27.5,32,28,26.5,62,60.5,29,34,32
OC43_N,IgA,12800,28,27,25,24,23,48,41,29,27,27
NL63_N,IgA,100,5026.5,1617,1743,221,475,6734,7376.5,950,1019.5,3221
NL63_N,IgA,200,2797,959,998,309,316,9477.5,9280,1393,1453,2266
NL63_N,IgA,400,1564,510.5,500,214,200,8404,7680,1490,1436,1522
NL63_N,IgA,800,871.5,269,276.5,126,122,5595.5,5003,939,865,937
NL63_N,IgA,1600,432,150,165,82,81,3486,3010,537,506,523
NL63_N,IgA,3200,238,89,90,50.5,51,2034,1736,295.5,291.5,290
NL63_N,IgA,6400,137,57,57,40,36,1002,914.5,162.5,163,167
NL63_N,IgA,12800,85,40.5,41,32,31.5,507,480,95,96.5,97.5
229E_N,IgA,100,1099.5,234.5,195,270,279,5085,2133,787,465,801
229E_N,IgA,200,601.5,148,135,168.5,175,3297,1420,448.5,280,450
229E_N,IgA,400,317,88,84,109,119,1857,885,244,157,248
229E_N,IgA,800,184,66.5,61,75.5,73,1014.5,544,142,106,138.5
229E_N,IgA,1600,113,50,51,53,58.5,508.5,326,87,75,79
229E_N,IgA,3200,71.5,44,40,45.5,45,262,195,59,52,59
229E_N,IgA,6400,52,36.5,36.5,42,38,136,129,44,44,43
229E_N,IgA,12800,44,32,35,37,30.5,89,78,39,36.5,36.5
HKU1_N,IgA,100,176,209,182,130,126,262.5,243,78,81,85
HKU1_N,IgA,200,115,129,116,82,89,165,156.5,61,62,63
HKU1_N,IgA,400,75.5,86,80,67,65,107,101,49,51,49
HKU1_N,IgA,800,62,64,58.5,50,50,78,69,41,49,42.5
HKU1_N,IgA,1600,47,45,46,41,43,57,51,37,37,35
HKU1_N,IgA,3200,36,38,37,35,36,43,40.5,35.5,32,31
HKU1_N,IgA,6400,34,33,33,30,35,38,35,32,28,28.5
HKU1_N,IgA,12800,34,33,34,32,33,30,32,28,31,31
OC43_N_NTD,IgA,100,317,277,280,224,226,773,739,129,118,144
OC43_N_NTD,IgA,200,185,181.5,169,142.5,144,486.5,467,86,84,96
OC43_N_NTD,IgA,400,116,108,109,95,91,285,282,62,61,64.5
OC43_N_NTD,IgA,800,72,72,70,63,66,182,161.5,45,47,48
OC43_N_NTD,IgA,1600,55,52,49,48,47,110,102,41,36,37
OC43_N_NTD,IgA,3200,40,41,38.5,39,37,69,62,32,31,31
OC43_N_NTD,IgA,6400,29.5,32,31.5,32,32,45.5,47,29,29,28
OC43_N_NTD,IgA,12800,28,28,29,30,27,41,37,27,28,28.5
NL63_N_NTD,IgA,100,365,1880,1873,214,222.5,1021,459,1090,484,1085.5
NL63_N_NTD,IgA,200,227,1124,1069.5,138,138.5,693.5,358.5,698.5,375,701
NL63_N_NTD,IgA,400,142,578,567.5,92,99.5,426,257,398.5,258,378.5
NL63_N_NTD,IgA,800,95,314,298,67.5,69.5,255.5,178,230,173,228
NL63_N_NTD,IgA,1600,66,173,166,55,54,152.5,122,138,121.5,137.5
NL63_N_NTD,IgA,3200,50.5,96,98.5,46,45,94,83,87,83,81
NL63_N_NTD,IgA,6400,42.5,62,65,41.5,41.5,62,59.5,63,59,57.5
NL63_N_NTD,IgA,12800,37,47,48,38,33,45,48,49.5,44,47
SARS2_N_NTD,IgA,100,62,126,84,61.5,63,117,106.5,51,53,54
SARS2_N_NTD,IgA,200,57,100,65,51,54,85,79,45,40.5,49.5
SARS2_N_NTD,IgA,400,50,68,52,43,46,67,66,39,41,39.5
SARS2_N_NTD,IgA,800,46,52,44.5,42,40,52.5,50,39,36,40
SARS2_N_NTD,IgA,1600,37,46,38,35,35,43,43,32,36.5,31.5
SARS2_N_NTD,IgA,3200,33,35,32,30,32,36,34,29,30,31
SARS2_N_NTD,IgA,6400,30,31,30,29,31,29,30.5,28.5,30.5,26
SARS2_N_NTD,IgA,12800,28.5,27,27,29,28,29.5,28.5,29,29,27
229E_N_NTD,IgA,100,188.5,70.5,63,87,85,93.5,98,55,54,54.5
229E_N_NTD,IgA,200,115,50,44,57,52,70,65,38,43,42
229E_N_NTD,IgA,400,70,35,33,41.5,38.5,51.5,45,30,31.5,29
229E_N_NTD,IgA,800,48,28,26,32,33,36,35,25,26,25
229E_N_NTD,IgA,1600,32,22,24,26,28,29,27,22,21,21.5
229E_N_NTD,IgA,3200,27,21,22,22,21,24,24.5,21,21,20
229E_N_NTD,IgA,6400,22,18,19,21,21,17,18,21,19,19
229E_N_NTD,IgA,12800,20,19,18,20,17,19,17,18.5,17,20
HKU1_N_NTD,IgA,100,192,263,263.5,137,123,370,329,99,93,98
HKU1_N_NTD,IgA,200,114.5,154,151,84,83,213,207,69,65,69
HKU1_N_NTD,IgA,400,68,93,90,62,57,125,125.5,43,47.5,47
HKU1_N_NTD,IgA,800,49,62,64,46,48,82,83,38,39,40
HKU1_N_NTD,IgA,1600,37,43,45,37,36,55,53,33,29.5,32.5
HKU1_N_NTD,IgA,3200,33.5,34,34.5,32,33.5,42,36,28.5,27,28
HKU1_N_NTD,IgA,6400,30,26,29.5,27,27,33.5,32,28,26,25
HKU1_N_NTD,IgA,12800,25,26,28.5,26,26,27,28,26,23,23.5
SARS2_N,IgA,100,310,542,341,176,201,1830,1616,173,166,199.5
SARS2_N,IgA,200,195,314.5,205,111,116,1187,1029,113,107,122
SARS2_N,IgA,400,137.5,186,123,73,80.5,678,622,74.5,80,75
SARS2_N,IgA,800,97.5,108.5,81,52,57,396,359,58,62,56
SARS2_N,IgA,1600,67,73,57,44,44.5,218.5,210.5,44,47,44
SARS2_N,IgA,3200,50,55,43,38,39.5,134,129,40,38,37.5
SARS2_N,IgA,6400,38.5,43,42,36.5,35,82,82,40,39,37
SARS2_N,IgA,12800,37.5,37,35.5,33,34,57,61,34,32,34.5
SARS2_S2,IgG,100,26808.5,30045,26171,4223.5,4374.5,33446,35383,30564,31769,29974
SARS2_S2,IgG,200,19971,25805,21683,2196,2477,25379.5,26135.5,22474.5,21943,22096.5
SARS2_S2,IgG,400,13438,19793.5,14577,1236,1330.5,17103.5,17511.5,14880,15364,14925
SARS2_S2,IgG,800,8811.5,14150,9609,680,677,11423,11296,9438.5,9267,9078
SARS2_S2,IgG,1600,5084,9110,5850,370,413,6903,6707,5577.5,5207,5327.5
SARS2_S2,IgG,3200,2809,5516,3279.5,211,216,3898.5,3669,3008,2920,2958
SARS2_S2,IgG,6400,1537,3196,1722,135,127,2058.5,1952.5,1614,1699,1604
SARS2_S2,IgG,12800,785.5,1732,947,80.5,82,1102,1055,847,901,856.5
SARS2_RBD,IgG,100,16717,5470.5,4494,188,187.5,21789.5,22061,9238,9462.5,9344
SARS2_RBD,IgG,200,10786.5,3183,2603,128.5,138,20219,20715,5786.5,6014,5796
SARS2_RBD,IgG,400,6511,1814,1369,102,98,16531,16871,3428.5,3374,3316
SARS2_RBD,IgG,800,3713,942,786.5,73,72,12160,12195,1893,1819,1839
SARS2_RBD,IgG,1600,2034,518,415,54.5,55,7960,7801.5,980,937,939
SARS2_RBD,IgG,3200,1097.5,280,228,40,41,4799,4618,515,501.5,517.5
SARS2_RBD,IgG,6400,564,152,124.5,30.5,31,2593.5,2520,277,276,267.5
SARS2_RBD,IgG,12800,301,89,70,27.5,26.5,1377,1311.5,148,149,146
SARS2_S,IgG,100,36139,43225,37957.5,3999,4046,35453.5,35217,15646,15372,15355
SARS2_S,IgG,200,27352,39209,31155,2243,2273,29076,29678.5,9804,9672,9897
SARS2_S,IgG,400,18454,31627,22014,1269,1228,22262,22486,5932,5797,5763
SARS2_S,IgG,800,12024,23372,14458,681.5,686,15350,14919,3453,3407,3370
SARS2_S,IgG,1600,7162,14982,9244,379,378,9923.5,9634,1895,1812,1859
SARS2_S,IgG,3200,4198,9255,5581.5,202,213,5921,5796.5,1010,1012,986
SARS2_S,IgG,6400,2372,5572,3135,116,120,3347.5,3288,531,541,527
SARS2_S,IgG,12800,1330,3279,1746,77,75,1896,1815,285.5,282,289
NL63_S1,IgG,100,1770,10429,10774,11102.5,15237,11601.5,12375,28875.5,28474,28639
NL63_S1,IgG,200,1568,8865,9200.5,8283,9853.5,9897,10211,21990,22226.5,22391.5
NL63_S1,IgG,400,1085,6447,6262,5327,5609,7130,7118.5,15488,15420,15137.5
NL63_S1,IgG,800,622.5,3959,4026,3037,3070,4398,4368,9964,9962.5,9798
NL63_S1,IgG,1600,344,2269.5,2290.5,1664,1691,2572,2467,5794,5725,5804
NL63_S1,IgG,3200,190,1176,1220,878.5,892.5,1364,1317.5,3295,3301,3251
NL63_S1,IgG,6400,113,649,653.5,468,479,744,696.5,1746.5,1808.5,1782
NL63_S1,IgG,12800,68,355,337.5,257,251,390.5,384,944,974,950
OC43_S1,IgG,100,10071,30871,30446,27706,27872,25250,24659,19864.5,19581,19205
OC43_S1,IgG,200,5810,21908,22025.5,19616.5,20101,17339.5,17648,13068,12836,12863
OC43_S1,IgG,400,3297,14672,14184.5,12726,12835,11239.5,11163,7873.5,7633,7566
OC43_S1,IgG,800,1842.5,9082.5,8644.5,7606.5,7787,6722,6594,4507,4427,4472
OC43_S1,IgG,1600,948,5266,5036,4487,4519,3883,3859,2492,2464,2480
OC43_S1,IgG,3200,531,2874.5,2813.5,2518,2504,2243,2111,1304.5,1348,1317
OC43_S1,IgG,6400,278,1566.5,1557,1370,1378,1190,1139,713.5,712,703
OC43_S1,IgG,12800,154,876,811,713,717,643,620,384.5,385,399
229E_S1,IgG,100,11355,11845,12505,17980.5,24647.5,31037,31072,23986,23951,24612
229E_S1,IgG,200,9602,9687.5,10024,14360,16337,28297,29442.5,16423.5,16071,16438
229E_S1,IgG,400,6725,6882.5,6668,9564,9907,22581,22911,10234.5,9912,10092
229E_S1,IgG,800,4151,4017,4007,5897,5885,15496,15489,6018,5853,5857.5
229E_S1,IgG,1600,2268.5,2296,2318,3408,3417.5,9677,9651,3354.5,3215,3365.5
229E_S1,IgG,3200,1250,1235,1285.5,1852.5,1931,5854.5,5677,1855,1800,1812
229E_S1,IgG,6400,684,697,688,1015.5,1048,3311,3174,975,980.5,980
229E_S1,IgG,12800,384,376,382,552,571,1814,1761,523,564,532
SARS2_S1,IgG,100,4499.5,1430.5,1258,109,115,7543.5,7643,1279,1239,1242
SARS2_S1,IgG,200,2490,810.5,727,75,83,4899,4993,732,725,707
SARS2_S1,IgG,400,1358,467,399.5,67,72,2920.5,2889,416.5,403,400
SARS2_S1,IgG,800,713,263,228,56,61,1677,1631,243,216,232
SARS2_S1,IgG,1600,372,145.5,123,49,47,919,870,155,121.5,152
SARS2_S1,IgG,3200,208,84.5,76,42.5,40,517,479,88,85.5,92
SARS2_S1,IgG,6400,113,55.5,52.5,35,33,270,250,58,55,62
SARS2_S1,IgG,12800,71,39,37,29,29,149,140,39,44.5,44
HKU1_S1,IgG,100,10483,2618,2686.5,19486.5,18837,9708,9843.5,13106,13035,12678
HKU1_S1,IgG,200,6255,1538.5,1502,13598,13576.5,5953,6038,8480,8183,8331.5
HKU1_S1,IgG,400,3768.5,871,792.5,8688.5,8701,3370,3416,4941,4972,4863
HKU1_S1,IgG,800,2116,483.5,459,5177,5158,1921,1868.5,2857,2858.5,2798
HKU1_S1,IgG,1600,1130.5,271,259,2971,3065,1070.5,1005,1553,1536,1560
HKU1_S1,IgG,3200,598.5,150,151,1664,1678.5,582.5,561.5,831,869.5,842
HKU1_S1,IgG,6400,325,101,90,877,902,322,309,449.5,460.5,458
HKU1_S1,IgG,12800,195,65,63,482.5,487.5,190,181,252,255,259
OC43_N,IgG,100,2128,11020,10902,34273,35147,33777,32501,15317,15773,16330.5
OC43_N,IgG,200,1330,7707,7299,26135.5,28273,26502,26761.5,11197,10865,11837.5
OC43_N,IgG,400,816.5,4942,4476,19911.5,19994.5,19344.5,18812.5,7435,7270,7763
OC43_N,IgG,800,500.5,2910.5,2829,13374.5,13703,13391,12488,4904,4798,4986
OC43_N,IgG,1600,289,1724,1575,8810,8931.5,8744,8249,2996,2927.5,2874
OC43_N,IgG,3200,173,951,917,5279,5280,5483.5,5080,1678,1792.5,1687
OC43_N,IgG,6400,111.5,531,505.5,2956.5,2982.5,2975,2976,968,962,948
OC43_N,IgG,12800,76.5,297,283.5,1696,1653,1714.5,1654,528,526,522
NL63_N,IgG,100,21978.5,26313,25580,37048,52377.5,30588,32442,28415,27871.5,57562
NL63_N,IgG,200,14565,19108,18437,46791,47512,42965,44476.5,40886,42327,53877
NL63_N,IgG,400,8996,12510,11670,39209,39209,44464.5,42870,47747.5,46035,48256
NL63_N,IgG,800,5316.5,7684,7041.5,28675,28627,38264.5,35631,38973,37319.5,38725
NL63_N,IgG,1600,2874.5,4453.5,4099,19605,20597,28084,26313,28013,26407,27742
NL63_N,IgG,3200,1598,2444,2326,12751,12739.5,19888,18117,17989.5,18037,18077
NL63_N,IgG,6400,840,1305,1209,7706,7720.5,12276.5,11343,11235.5,11152,11140
NL63_N,IgG,12800,459,695,651,4438,4353,7333,6985,6560.5,6696,6791
229E_N,IgG,100,4794,6825,5918,35902,35548,39434,39953,7042,8191,7439
229E_N,IgG,200,2712,4741.5,3970,26489.5,26880,32395,33387,4876.5,5057,4946.5
229E_N,IgG,400,1529.5,2977,2340,18222,18812,25120,24482,3003,2853,3152
229E_N,IgG,800,893,1779,1353.5,11692,11812,17469,17124,1849,1787,1937.5
229E_N,IgG,1600,486,1003,787,7340,7577,11493,11184,1067,1066,1092
229E_N,IgG,3200,292,545,442.5,4304.5,4179,7201,6931.5,613,620.5,601.5
229E_N,IgG,6400,156,295,254,2393,2409,4055.5,3885,349,349,334.5
229E_N,IgG,12800,98.5,179,144.5,1313,1283.5,2296.5,2191,177,201.5,201.5
HKU1_N,IgG,100,1088,1969,1893,6250,6615,12474,12363.5,5340,6327.5,5548.5
HKU1_N,IgG,200,617.5,1107,1048,3509,3663,7659,7797,3055.5,3585.5,3071.5
HKU1_N,IgG,400,360.5,606,572,1937.5,1962,4409,4877.5,1602,1903,1589.5
HKU1_N,IgG,800,209.5,341.5,330,1037,1060,2599,2667.5,894,1064,876.5
HKU1_N,IgG,1600,130,201,189,581,600,1373.5,1543.5,468,538.5,470
HKU1_N,IgG,3200,86.5,116,130,301,317,775,808,268,287,268.5
HKU1_N,IgG,6400,53.5,77,76,169,179.5,421,447.5,146,154,150
HKU1_N,IgG,12800,42,54,50,105,105.5,224.5,257,92,91,88.5
OC43_N_NTD,IgG,100,1823,22722,21955,30045,30021,31851.5,31273,22096.5,20904,22297.5
OC43_N_NTD,IgG,200,1031,15725,15057,21754,21589,24045,23998,14906,14127.5,14739.5
OC43_N_NTD,IgG,400,576.5,9861,9409,14067,14155.5,16534,16442,9152.5,8841,9162
OC43_N_NTD,IgG,800,318.5,5922,5583.5,8622.5,8527,10894,10666.5,5350,5196,5252
OC43_N_NTD,IgG,1600,179,3315,3189,5136,5228,6731,6301,3005,2845,2931
OC43_N_NTD,IgG,3200,112,1810,1771,2847,2956,3797,3634,1600,1588,1543.5
OC43_N_NTD,IgG,6400,67,979,927,1544,1570,2078,1963,838.5,823,835
OC43_N_NTD,IgG,12800,50,509,493,853,824.5,1112,1065.5,451,465,460.5
NL63_N_NTD,IgG,100,2689,17339,15019,22274,23124,24943,18205,24541,17504,24990
NL63_N_NTD,IgG,200,1617.5,12183,10752,16251,16854,20632,15429,19701.5,14641,20266
NL63_N_NTD,IgG,400,913.5,8181.5,6666,10240,10679.5,15097,11445,13612,10628,14004.5
NL63_N_NTD,IgG,800,526,4830,3886,6472,6355,10467.5,7976,9046,7219.5,9068
NL63_N_NTD,IgG,1600,292,2752,2225,3798,3865,6525,5308,5189,4467,5264
NL63_N_NTD,IgG,3200,163,1502,1192,2067.5,2086,3815.5,3291,2989,2762,2949
NL63_N_NTD,IgG,6400,92,792,651,1094,1137.5,2049.5,1923,1589.5,1632,1564
NL63_N_NTD,IgG,12800,64,425,333,605,608,1155,1053,848,874,878
SARS2_N_NTD,IgG,100,1081,5576,4233.5,9683,10130,6517,6037,1422,1263,1506
SARS2_N_NTD,IgG,200,663,3652.5,2798,6159,6542,3944,3765.5,853,804,921
SARS2_N_NTD,IgG,400,394.5,2339,1677.5,3755,3913.5,2262,2064,522,477,517
SARS2_N_NTD,IgG,800,231,1289.5,962,2149,2222,1366,1128,323,289,329
SARS2_N_NTD,IgG,1600,138,709,528,1215,1261,778,629,197,172.5,190
SARS2_N_NTD,IgG,3200,88.5,377,294,656,678,455,379.5,108.5,117.5,116
SARS2_N_NTD,IgG,6400,59,206,164,355,369,257,242,75,74,73.5
SARS2_N_NTD,IgG,12800,46,125.5,97.5,207,198.5,145,144,52,56,59
229E_N_NTD,IgG,100,593.5,4773,3782,8144,8185.5,10607.5,10824,3694,3567,3812
229E_N_NTD,IgG,200,321,2946,2361.5,5119.5,5117,7471,7506,2237,1995,2293
229E_N_NTD,IgG,400,179,1699.5,1317.5,3017,3185,4722,4461.5,1287,1089,1303
229E_N_NTD,IgG,800,110,926,701.5,1708.5,1781,2889,2535,765,586,722
229E_N_NTD,IgG,1600,67,519,372,969,993,1664,1448,427.5,316,419
229E_N_NTD,IgG,3200,47.5,274,223,514,512.5,941.5,823,239,203,221
229E_N_NTD,IgG,6400,32,148,125,281.5,274,501,480,123.5,124.5,132
229E_N_NTD,IgG,12800,27.5,87,69,151,163,280.5,256.5,75,78.5,76
HKU1_N_NTD,IgG,100,2569.5,6485,5853,11685,11835,13038,12269,10221,9138,10095
HKU1_N_NTD,IgG,200,1452,3630.5,3537.5,6933,7153.5,8218,7889,6010,5551,6132
HKU1_N_NTD,IgG,400,790,1983,1925,4035,4135.5,4751.5,4699,3289,3144,3234.5
HKU1_N_NTD,IgG,800,431,1106.5,1035,2226,2219,2742,2587,1807,1694.5,1789
HKU1_N_NTD,IgG,1600,234.5,582,544,1197.5,1225,1503,1397,926,903,943
HKU1_N_NTD,IgG,3200,134,304,303.5,618,654,838,764.5,516,500,494
HKU1_N_NTD,IgG,6400,78.5,167,170.5,331.5,335,430.5,416,270,278,267
HKU1_N_NTD,IgG,12800,51,94,91,177,180,229,233,150.5,157.5,152
SARS2_N,IgG,100,20549,12911,9330,5506,5839,37827,38099,7630,9094,7812
SARS2_N,IgG,200,13291.5,8162.5,5997.5,3302,3544,30328,29927,4671.5,5435,4744
SARS2_N,IgG,400,8184.5,5007.5,3471,1984,2034,22132,21399.5,2598,3098,2675
SARS2_N,IgG,800,4922.5,2831,1973,1152,1178,14794,14019,1593.5,1786,1576
SARS2_N,IgG,1600,2663.5,1534,1059,670,688,9094,8702,930.5,1044,928
SARS2_N,IgG,3200,1395,825,589.5,384,393,5420.5,5338.5,526,582,506
SARS2_N,IgG,6400,747,427.5,320.5,227,236,3075,2882,304,318,311
SARS2_N,IgG,12800,417.5,241,183,142,149.5,1646.5,1571.5,194,196,184
