SampleID_Assay,Assay_Plate,SARS2_S,SARS2_RBD,SARS2_S1,SARS2_S2,SARS2_N,SARS2_N_NTD,NL63_S1,NL63_N,NL63_N_NTD,229E_S1,229E_N,229E_N_NTD,OC43_S1,OC43_N,OC43_N_NTD,HKU1_S1,HKU1_N,HKU1_N_NTD
QC1,1,29519,1769.5,431,18509,4707,2363,6288.5,11748,8009,6626,2832,1775,13915,5136,9902,827,601,2067
QC1,1,28665,1724,426.5,18603,4677.5,2284,6344,12082,8130.5,6502.5,2827.5,1818,13988.5,5166.5,9767,832,619.5,2009
QC2,1,158,60,50,1303,6177.5,102,525.5,17028,1933,7672,16387,1123.5,2039.5,8202,11633,1512,1984,5149
QC2,1,160,61,49,1354,6258,105,522,17189,1876,7630,16609,1096,2034,8063.5,11907.5,1459,1977,5216
QC3,1,24722,6722,1824,38259,19668,6892,2749,29437,13448,8292,7090,3912,4816,3136,2030,2011,255.5,1037
QC3,1,24710,6795,1809.5,38317.5,19165,6911.5,2748,29718,13201,8121,7047,3964,4852,3159,2019,1987,257,1024
Blank,1,28,21,18,22,32,30,26,23.5,22,53,29,21,24,24,27,30,29,21
Blank,1,26,23,21,24,31,27,23,23,23,50,30,20.5,27,24,29,32,28,21
QC1,2,27659,1646,445,17901,4471,2211.5,5925,11224,7670.5,6164,2661,1596.5,13240,4744,9039.5,816,612,1922
QC1,2,28267,1720,444,18158,4594,2241,6114.5,11538,7707,6413,2771,1628,13383,4873,9386,793,605,1987.5
QC2,2,156,60,47,1299,6350,101,507,16751,1753.5,7572,16382,987.5,1985,8011,11571,1427,1933,4970.5
QC2,2,155,64.5,52,1246,6267,109,508,16462,1774,7445,16658,999,1975,7815,11253,1374,1955,5085
QC3,2,23494,6447,1782,36129.5,18580,6538.5,2572,28922.5,12405,7819,6778,3616,4636.5,2892,1928,1850,247,953.5
QC3,2,24418,6516,1791,36703,18767,6695,2550,29016,12998,8095.5,6727,3688,4689.5,2971.5,1968.5,1890,257,964
Blank,2,23.5,23,19,23.5,32,31,24,23,23.5,48,30,19,29,23.5,31,31,29,19.5
Blank,2,25,20,21,22,31,28,23,25,22,41,29,20,27,25,29,29,26,20.5
QC1,3,29402,1694,467.5,18556,4702,2292,6398,12032,7750.5,6683,2872,1678,14000,4856,9778,826,603,1978
QC1,3,29578,1698,446,18837,4747,2216.5,6357,12136,7796,6662,2847,1683,14214,5131,9609,853,596,1995.5
QC2,3,156,65,49,1334,6735,114.5,528,17480,1755,7871,17012,1044,2085,8018,11639,1467,1911,5109.5
QC2,3,164,66,51,1356,6657,103,537.5,17310.5,1766,7865,17006,1004,2052,8234,11447,1454,1903,5139.5
QC3,3,24921,6619,1806,37510.5,18767,6532,2645.5,29554,12614.5,8248,7131,3723.5,4818,2926,1961.5,1950,259,976.5
QC3,3,25038,6483,1875.5,36714.5,19012.5,6604,2680,29999,12831.5,8531.5,7017,3702,4772,2922,1971,1963.5,266,958
Blank,3,26,23,20,23,33,27,22.5,23,25,51,32,22,28,23,27.5,32,27,23
Blank,3,26,22,20,23,35,30,23,26,24,56,28,20.5,30,25,32,29,30,23
QC1,4,28431,1629,416,19223,4412,2100.5,6036.5,11440,7306,6172,2875,1558.5,13423,5000,9063,785,601,1856
QC1,4,29437.5,1712,450,19352,4743,2217,6166.5,11807.5,7662,6470,2855.5,1666,14027.5,5166,9680,842,605,1957
QC2,4,161,63,45,1312.5,6546,102,498.5,17075,1731.5,7495,16451.5,969,1999,8294,11563,1461,1823,4961
QC2,4,166,62,47,1290,6546.5,105,499,16648.5,1766.5,7503.5,16521,1000,1991,8344,11458,1431,1882,5011.5
QC3,4,24008,6101,1715,38516,18182,6169,2382,28747,12173,7608,6452.5,3492.5,4398,2945,1812.5,1807.5,237.5,924
QC3,4,25319,6641.5,1780.5,39101,19001,6640,2529.5,29823,13096.5,8165,6905,3619,4680,3152,1965,2005.5,249.5,1020
Blank,4,26,21,19,25,34,31,24,25,23,50,29,21,27,24,29,30.5,26,21
Blank,4,25,22,18,24,31,31,21,27,23,53,28.5,20,24,25,28,31,29,18
QC1,5,29367,1741.5,434,19165,4698.5,2285,6431.5,12245,7810,6543,2798.5,1684,14288,5032,9730,838,613,1989
QC1,5,30373,1686,447,18743.5,4801,2251,6362,12465.5,7578,6875,2852,1636,14314,5074.5,9640,851,601,1989.5
QC2,5,152,64.5,48,1328,5929,98,517,17410,1721,7783,16829,960.5,2055,8118.5,11746,1460,1921,5036
QC2,5,149.5,65,44,1327,5907,97,515,17311.5,1748,7779.5,16999,1034,2112,8293.5,11517,1517,1893,4975
QC3,5,25119.5,6610,1789,38071.5,18954,6640,2625,29741,12608,8390,6878,3613,4738,2986,1931,1944.5,239,963
QC3,5,24687,6457,1833,38949.5,19504,6658,2676,29858.5,12776,8494,6909.5,3628.5,4808,2998,1977,2000,256.5,968
Blank,5,26,22,19,23,34.5,25,24,25,22,50,26.5,21,27,23,29,27,28.5,19
Blank,5,25,22,21,23,32,26.5,24,27,21,56.5,28.5,21,26.5,22.5,28,33,29,20
QC1,6,28267,1652,424,18439,4491,2097,5951.5,11567,7399,6226,2776,1543.5,13343,4667,9267.5,804,561,1788.5
QC1,6,29437,1703,435,19188,4642.5,2182,6171,11631.5,7658,6483.5,2820,1666.5,13829.5,4680,9363,810,583,1913.5
QC2,6,165,61,46,1261,6493,99,483,16984.5,1708.5,7575.5,16348,998.5,2014.5,7643,11269.5,1428,1820.5,4983
QC2,6,155,59,47,1336,6244,95,502,16890.5,1713,7502,16574,920,1998,7635,11570,1431,1808,5039
QC3,6,24968,6550,1768,38587,19071,6667,2576.5,29929,12932,8387,7001.5,3776,4705,2735,1943,1898,248,988.5
QC3,6,24874,6424.5,1790.5,37744,19071,6636,2598,30104,12814,8110,6991,3601.5,4627,2822,1958,1912,258,1007
Blank,6,27,24.5,19,25,34,31,25,26.5,25,51.5,29,21,28,22,29,31,32,21
Blank,6,26,21.5,21,22,33,29,24,23,24,50,29,20,27,25,29,32,27,22
QC1,7,30588,1664,429.5,19776,4638,2044.5,6379,12037.5,7485,6554,2785,1645.5,14610,5381.5,9411.5,808,594,1856
QC1,7,31523,1756,454,20153,4819,2106.5,6603,12212,7634,6776,2869,1739,14478.5,5621,9693,853,609,1933.5
QC2,7,156,66.5,44,1416,6409,97.5,535,17757,1679,8150.5,17963,964,2127,8987,11838.5,1519,1819.5,4875
QC2,7,151,64.5,46,1306.5,6438.5,99,521.5,18111,1619.5,7988,17003,949,2123,8891.5,11834,1526,1924,5279.5
QC3,7,27212,6562,1847,40511,20186.5,6661,2723,31603,12959,8693,7110.5,3708,5123,3352,2002,2074,264,1030
QC3,7,26117.5,6430.5,1883,40328.5,19366,6421.5,2675,31364,12916,8555,6994,3509.5,4855,3267,1943.5,1984,254,968
Blank,7,27,21,18,20,34,29,25,23,22,65,30,19,26,24.5,31,31.5,28,22
Blank,7,26,21,18,23,32,29,21,25,22,53.5,32,19,26,26,29,29,29,20
QC1,8,31660,1704.5,442,20415,4672,2090.5,6411,12090.5,7730,6674,2805,1640,14365,5010.5,9662.5,833,593.5,1923
QC1,8,30314,1490,393,19491.5,4269,1855,6087,11046.5,6975,6144,2533,1438,13277,4805,8940,779,536.5,1724
QC2,8,161.5,65,48,1365,6709.5,99,525,17559,1677.5,7798.5,17227,935.5,2039.5,7970,11670,1505,1864,5126.5
QC2,8,158,62,42,1353,6718,100,516,17405,1675,7738,17327,935.5,2079,8090,11869,1511,1868.5,4973.5
QC3,8,26277,6500,1831,40579,19468.5,6441,2706,31033,12658.5,8462,6895,3541,4928.5,2902.5,1934,1995,249.5,985
QC3,8,26574,6666,1858,41514,19662,6387,2753,31113,12714.5,8381,6970,3548,4926,2942.5,1954,1989,246,1019
Blank,8,26,22,23,20,32,28,27,25,22,51,34,20,29,21,30,29,28,23
Blank,8,23,23,19.5,21.5,32,26,22,23,23,47.5,29.5,17,26.5,21,29,32,30,21
QC1,9,30383,1724,461,19856,4703,2106,6639.5,12044,7472,6777,2821,1647,14273,4941.5,9501,873,583,1968.5
QC1,9,30771,1680,444,19411,4708,2108,6738.5,12284,7344,6852.5,2880,1614,14430,4948,9510,876.5,609,1916
QC2,9,153,70,51,1359,5483,107,536,17238.5,1563.5,7898,16971.5,957,2079,8051,11394.5,1508,1778,4827
QC2,9,156,64,46,1361,6072,100,540,17518,1633,8000,17166.5,940,2124,7947,11571,1510.5,1808,4893.5
QC3,9,25855.5,6630.5,1904,40579,19514,6429.5,2736.5,31113,12385,8658,7049,3527,5054,2873.5,1953.5,2091,248,981
QC3,9,26026,6430,1895,40990,19617,6413,2771,30405.5,12382.5,8398,7135.5,3584.5,4912,2859,1894,2067,247.5,959
Blank,9,25,23,18,24,33,27,24,23,22,52,28,20,27,24,27,30,29,22
Blank,9,27,21.5,19,22.5,34,29,23,25,21.5,52,28,19.5,25.5,25,31,29,29,19
QC1,10,29653,1719,445,18487.5,4681,2045,6532.5,12051,7360.5,6643.5,2785,1536,13959,4813.5,9510,834.5,570.5,1892
QC1,10,29482,1602,409,18567,4395,1906,6256.5,11477.5,7176,6335,2622,1517,13537,4524,9023.5,803,539,1738
QC2,10,160,64,43,1288,5787,101,496.5,16864,1608,7797,16651,886.5,2040,7672.5,11389,1466,1732.5,4854
QC2,10,155,61,43,1243,5620,99,490,16504,1516,7316,16198.5,859,1945.5,7425.5,10961,1372.5,1659,4678
QC3,10,25330.5,6244,1795,37043.5,18795,6128,2659,30280,11881,8194.5,6840,3357,4773,2668,1857,1956,242,936.5
QC3,10,24589.5,6233,1773,38230,18567,6091,2599,29596,11963,8368,6900,3312,4672.5,2698,1849,1952,245,934.5
Blank,10,26,23,19,26,41,30,23,25.5,22,52.5,32,20,27,26,29,27.5,27,18
Blank,10,22,20,19,24,34,26,22,28,22,47,29,18,24.5,23,28,30,28,20
QC1,11,30725,1655,435,19229,4516,2037,6348,11753,7312,6480,2716,1564.5,13791,4566.5,9065,857,574.5,1816
QC1,11,30474,1663,439,19970.5,4619.5,2007.5,6488.5,12001,7531,6616,2850,1553,14153,4733,9355,831.5,568,1789
QC2,11,166,62,48,1353.5,6755,113,524,17576,1654,7849,16629.5,935,2067.5,7776.5,11391,1445,1805,4958
QC2,11,158.5,65,46,1276,6637.5,103,498.5,17188.5,1589.5,7569.5,16540,877,1979,7445.5,11294,1427,1684,4811
QC3,11,26151.5,6428.5,1850,38891,18966.5,6355,2662,30280,12497,8438,7020,3427,4836,2701,1849,1996.5,259,958
QC3,11,25981,6465.5,1865,39461,19480,6192.5,2662,30759,12271,8353,7087,3454,4877,2609.5,1884,1929.5,245.5,981
Blank,11,27,22.5,20,22,33,32,22,25,20,54.5,33,18.5,27.5,25,30,30,28,21
Blank,11,25,22,19,24,35,27,25,27,25,56,27,21,25,23,28,31,28,21
QC1,12,30953,1684,430,20415,4588,1945,6206,11988,7344,6430,2797,1549.5,13970,5177,9116,800.5,571.5,1833
QC1,12,31523,1701,434,20027,4614,2048,6338,12146,7431,6575,2814,1591,14303,5311,9408.5,844,587,1852
QC2,12,164,60,42,1310,6362,105,502.5,17640,1639,7701.5,17086.5,909,2041,8555,11506,1473.5,1737,4958.5
QC2,12,163,60,42,1309,6374,101,499,17425,1615,7603,16715,916,1974.5,8274.5,11440.5,1407,1774,5019
QC3,12,26209,6424,1803.5,40009,19423,6408,2637,30964.5,12790.5,8276.5,7088,3500,4845,3124.5,1866,1982,243.5,1009
QC3,12,26186,6275,1799.5,39815,19411,6190,2625,30930,12569,8325,6961,3444,4774.5,2909,1881,1981,245,989
Blank,12,27,22,18,22,34,30,24,25,23,54.5,27,20,28,24,30,30,32,21.5
Blank,12,24.5,22,19,21,35,31,27,27,23,42.5,32,21,27,24,28,30,25,20
QC1,13,31592,1716,427,19730.5,4714,1983,6648,12192,7557,6871.5,2808,1588,14556,5089,9476,870,574,1835
QC1,13,31022,1686.5,419.5,20666,4701.5,1982,6550,11843,7403,6730,2740,1635,14422,5020,9381,845,558,1815
QC2,13,170.5,61,42,1304.5,6114,101,522,17326.5,1613,7824,16872,944,2092,8078.5,11583.5,1483.5,1741,5027
QC2,13,166,62.5,42.5,1359,6240,97,521,17558,1655,7884,17099,950,2048.5,8222,11382,1457.5,1770,4959
QC3,13,26779,6432,1861,40123,19514,6208,2712,31135.5,12423,8658.5,7069,3490.5,4862,2970,1928,2032,245,949
QC3,13,26117,6369,1855.5,40955.5,19331.5,6104,2736,30896,12550,8640,7127.5,3615,4975.5,2981,1917,2036,253.5,946
Blank,13,26,21,19,20,33,30,23,23,20,49.5,29.5,21,27,27,29,29.5,29.5,20
Blank,13,26,22,18,23,34.5,28,23,22.5,22,63,30,21,24,23,29,29.5,27,22
QC1,14,30246,1646,446,19206,4690.5,1963,6496,11623.5,7065,6719,2765,1568,14142.5,4840,9123,831,559,1826
QC1,14,29801,1636.5,436,18681,4668,1903.5,6599,11942,7182,6570.5,2772,1559,14245,4927,9229,855,554.5,1820.5
QC2,14,156,62.5,45,1276,5931,96,519,16980,1547,7672,16756,917,2013,7835,11309,1459,1704.5,4719.5
QC2,14,158,66,42,1370,5854,105,526,17290,1560,7807,16775,899.5,2045.5,7942,11313,1457.5,1717,4784
QC3,14,25570,6322.5,1813.5,39438,19001,5977,2652,30429,11901,8381.5,6857,3463,4866,2871,1866,2003,242,954.5
QC3,14,25593,6434.5,1826,40716,19217.5,5975,2705,30645.5,11993,8472.5,7056,3433,4904.5,2732,1893,1985.5,248.5,964.5
Blank,14,641.5,32,22,330,65,44,85,134.5,81.5,108.5,53,32,176,72,107,39,32,35
Blank,14,25,26,19.5,23.5,33,29,24.5,20,22,53,30,20,28.5,20,30,30,28,22
QC1,15,31273,1721,458,19491,4660.5,2027,6670,12198.5,7380,6852.5,2829.5,1577,14362,5026,9383,868,575.5,1899
QC1,15,31056,1645,446,19673.5,4674,1903.5,6470.5,11934.5,7317,6749,2769.5,1519,14391,4765.5,9174.5,830.5,570.5,1861
QC2,15,172,66,46,1340,6384,101,525,17378.5,1577.5,7783,16704.5,917,2077,7905.5,11522.5,1420,1785,4875.5
QC2,15,171,61,47,1357,6586,102,534,17814,1600,7943,17025,929,2132,7955,11671,1513,1786,5024
QC3,15,26037.5,6449.5,1850.5,39461,19662,6147,2703,30702.5,12085,8624,6998,3451.5,4777.5,2673,1891,1954,247,995
QC3,15,26197.5,6441,1858,40488,19263,6238,2724,31352.5,12378,8683,6945,3488,4897.5,2708,1885,2026,255,987
Blank,15,23.5,22,19,24,32.5,31,21,27,24,49,28,23.5,27,25,30,28,26,19
Blank,15,24,22,19,24,36,29,24,24,23,57,27,20,26,23,31,31,26,20.5
QC1,16,31489.5,1725,450,19377.5,4918,2008,6759,12461,7295,6877,2935.5,1619.5,14561.5,5661,9377,824,579,1917
QC1,16,31649,1649.5,437,18636,4764.5,1902,6568.5,12572.5,7276.5,6796,2838,1511,14533,5432,9265,808,560,1820
QC2,16,172,63.5,40.5,1322,6167,93,532,17715,1566,7874,17150.5,864,2108,8508,11432,1463.5,1732,4896
QC2,16,168.5,63,42,1291,6122,104,532,17681,1575,7905,17246,902,2048,8717,11586.5,1490,1774.5,4897
QC3,16,26858.5,6376,1883.5,37933,19799,6112,2762,31637,12112,8492.5,6984,3452,4957.5,3072.5,1883.5,1952.5,257,984
QC3,16,26368,6375.5,1856,38230,19274,6050.5,2754,31044,11959.5,8552.5,7109,3253.5,4869,3084.5,1822,1976,248,958.5
Blank,16,25,23,19,25,35,29,23,25,24,56,29,20.5,24,24,29,28,28,18
Blank,16,25.5,20,19,21.5,32,29,24,25,21,51.5,30,18,26,23,29,28,25,19
QC1,17,29048.5,1587,423,18043,4503,1765,6131,11219.5,6585.5,6286,2809,1467.5,13366,4390,7943,767.5,507.5,1654
QC1,17,29550.5,1588,444,18761.5,4622,1771,6296.5,11392,6612,6521,2880.5,1493,13294,4498.5,8125.5,784,522,1619
QC2,17,173,55,47,1231,6704,100,501,17535,1467,7579.5,16801,873,1985,7867,10801,1436,1681,4786.5
QC2,17,168,57.5,51,1219,6502,93,497,17451,1480,7490,16479,856,1916,7826,10718,1439,1679.5,4731
QC3,17,25284.5,6210.5,1810,38036,19046,5876,2639,30565.5,11808,8373,7045.5,3322,4586,2737.5,1640,1895,239,894
QC3,17,25056.5,6256.5,1784.5,38377.5,18887,5758,2579,30223,11611,8013,7179,3199,4650,2650.5,1628.5,1865,229.5,904
Blank,17,23.5,21,19,23,33.5,29,24,23.5,24,50,30,20,26,24,29,28,29,23
Blank,17,23.5,22,23,23,32,28,23,24,23,56,28,20,27,29,30,30,31,26
